1200 1200 840
427 724 1152 636
195 929 332 772
474 253 776 6
67 954 456 674
524 1170 1096 895
588 710 593 45
0 915 96 162
193 1062 930 601
588 336 912 26
108 996 908 390
73 400 1115 95
493 930 1056 119
348 966 640 704
980 730 1050 528
460 486 664 261
800 744 1178 199
448 930 800 750
114 168 357 72
80 834 375 450
0 1061 230 840
149 756 875 12
792 1050 880 825
303 648 852 576
87 570 534 4
103 952 301 240
264 708 866 249
765 834 897 80
1026 816 1074 174
150 1030 348 951
660 978 1100 729
488 873 745 352
273 1170 1104 711
108 642 121 240
540 1080 980 138
244 720 546 142
816 956 1140 717
318 484 708 390
444 960 880 207
423 864 910 520
114 511 363 167
880 851 1086 48
636 452 1105 112
888 1197 997 1088
569 286 600 180
56 1018 948 687
96 1028 1150 512
80 906 750 177
200 726 823 510
638 536 702 99
517 1190 555 156
48 776 807 418
702 732 738 273
78 1060 248 560
408 1120 664 210
915 1050 1182 1045
472 476 758 300
704 1032 736 932
810 245 1008 80
154 740 204 84
193 844 985 210
18 192 388 0
720 474 903 249
882 798 1100 672
301 684 408 441
288 680 605 625
60 528 832 380
360 1104 619 367
0 1105 1000 930
470 700 496 104
80 594 102 236
542 302 678 100
303 369 730 178
459 796 575 600
30 104 1169 50
320 1169 887 424
580 993 900 780
106 468 728 40
567 1051 856 640
356 1068 1072 941
498 1068 1068 3
408 646 1160 640
100 1180 777 908
207 1002 324 320
180 348 1000 150
630 1053 1056 456
120 309 560 127
716 882 1109 710
780 536 986 408
63 1120 792 525
183 997 328 186
363 648 741 560
538 1003 856 704
255 800 504 410
32 910 780 288
420 855 1008 480
897 1002 974 960
300 516 887 48
168 987 1114 710
480 800 900 420
0 552 48 525
312 1068 990 24
342 1040 670 560
433 422 999 24
272 1165 576 330
258 1085 800 197
868 1056 1072 600
728 921 1128 202
35 568 87 330
330 1134 330 964
445 144 513 40
444 990 480 914
688 1056 696 866
796 1026 938 336
168 783 1057 738
670 948 1128 213
396 906 450 56
320 1037 1026 192
186 486 954 245
10 720 272 168
170 980 500 297
60 783 1093 190
120 360 184 239
156 1011 672 277
510 630 1002 591
1035 700 1082 468
294 849 599 548
528 336 648 69
975 600 980 480
960 392 1052 192
738 448 1088 305
33 780 282 205
452 1136 903 1072
600 1048 1159 400
645 366 700 28
600 1050 685 846
372 475 1052 195
816 1056 1085 996
48 612 273 208
572 1179 720 1106
676 1152 741 470
290 926 512 895
399 1159 700 759
423 640 480 522
858 828 988 264
88 1142 362 300
10 582 432 492
450 1020 1180 666
720 935 1100 451
168 904 1177 860
144 840 240 750
320 1184 777 988
352 597 956 415
636 952 643 420
441 540 555 280
384 843 480 760
876 807 884 0
450 1075 468 130
108 340 900 4
392 1104 864 900
200 470 768 106
729 976 857 480
262 630 720 290
1035 1110 1106 492
237 1124 448 1104
158 810 696 663
228 800 952 320
16 916 1152 564
588 45 966 18
680 776 828 645
396 1031 504 0
581 300 1080 15
96 675 528 360
180 936 840 597
672 296 1086 150
879 1110 978 774
312 120 461 70
42 896 1008 888
288 648 616 588
85 1152 1080 79
492 675 970 648
592 228 744 226
114 618 150 555
120 1134 366 812
292 888 954 722
168 1155 340 418
42 320 356 72
456 432 1055 420
615 1000 1008 353
256 561 1100 242
65 1153 420 645
150 976 1140 111
0 446 435 81
515 552 567 412
236 940 678 338
105 282 1000 84
0 650 816 378
912 561 1099 110
74 1064 970 114
370 383 915 144
22 242 360 105
630 960 796 766
40 592 180 393
508 456 780 440
192 1089 720 728
60 960 1097 711
240 1146 752 858
878 945 1149 672
354 912 1040 672
656 702 950 652
976 937 1158 819
330 1048 610 930
784 540 1197 331
294 704 512 250
603 370 735 282
883 750 1020 158
292 1163 870 165
316 436 341 340
876 1080 1011 944
564 1170 1144 202
24 1044 360 326
288 840 295 81
980 1192 1155 750
156 954 330 528
81 997 1128 588
600 800 1056 144
208 1164 560 768
13 1056 494 158
442 598 480 240
429 800 830 520
562 768 640 744
34 914 456 378
804 244 900 135
140 378 274 224
819 58 988 0
576 217 1110 48
515 607 921 309
333 429 1173 144
100 732 760 336
510 830 1001 375
144 1035 600 132
630 752 735 718
960 603 1008 456
551 774 945 292
272 1068 990 754
99 675 608 64
80 600 588 190
0 356 1105 69
712 1065 830 151
909 412 1030 96
600 1068 753 480
669 717 1122 285
393 912 699 657
360 1056 788 330
292 594 1064 588
93 966 314 848
144 1020 1128 94
306 806 1114 508
600 1042 720 269
393 1064 700 501
618 1026 1028 150
60 459 296 366
368 930 642 900
363 538 485 441
776 960 1176 38
85 984 915 123
24 348 125 85
48 815 441 616
434 870 986 114
448 1008 600 870
449 540 965 122
66 882 1008 352
260 654 858 415
552 1146 1196 756
312 591 990 300
381 801 417 558
624 1082 1012 900
360 1065 1130 14
536 1164 750 679
0 1000 203 992
504 492 1096 262
435 809 636 370
192 744 1086 720
192 1080 750 806
480 640 868 244
420 716 1172 120
350 1038 1062 960
327 672 404 383
152 468 1152 80
81 584 975 156
60 373 465 348
504 1002 1008 576
728 868 728 788
222 458 698 36
428 960 501 208
441 608 1086 376
26 861 144 792
48 376 840 23
654 1128 746 825
168 720 270 360
112 704 975 574
690 891 1116 693
12 510 551 210
500 909 734 710
75 678 454 412
156 807 1000 200
432 640 956 150
80 342 1188 260
636 515 976 128
680 1070 754 864
348 1034 368 723
213 498 760 443
1164 897 1182 867
416 584 784 260
776 609 792 464
995 720 1008 664
528 912 1128 470
144 876 354 664
976 1110 1054 678
708 656 750 80
246 318 624 12
192 1185 310 32
177 476 390 280
572 874 1028 688
120 409 1158 204
492 984 624 944
38 927 1170 189
800 856 800 684
800 496 882 352
117 610 820 279
110 554 424 286
108 1176 120 0
606 315 816 0
647 752 870 54
724 470 1182 315
448 475 558 144
11 322 777 24
760 690 1100 598
52 752 894 158
646 1182 858 332
43 1188 1125 274
320 1056 1040 573
216 936 1186 783
276 860 798 120
393 1053 702 359
438 633 1110 405
600 1056 1104 655
610 1140 1152 390
165 558 800 48
38 1121 688 1040
165 764 604 670
406 880 1026 804
648 368 955 32
730 1050 1118 168
517 164 891 156
100 480 180 210
16 906 1160 100
136 810 915 702
546 468 1134 310
1146 873 1151 612
496 1150 900 648
775 480 1016 349
276 560 768 464
195 945 708 600
150 1050 1170 495
1132 795 1134 72
744 945 1150 288
44 430 972 298
403 860 960 342
171 920 402 400
390 350 800 314
240 768 624 0
65 360 939 0
213 1084 272 176
0 1099 1128 356
204 819 1147 362
528 682 773 456
365 804 1080 640
403 796 413 246
610 972 729 797
192 930 651 192
360 123 756 78
815 646 876 63
812 1162 982 624
264 1161 1096 1041
972 1198 1003 952
817 426 973 127
600 1176 1126 149
444 871 792 348
1056 320 1096 168
594 876 616 356
810 740 1136 675
704 761 975 544
920 1080 1005 891
756 867 912 570
216 169 908 75
280 1182 300 1024
492 860 972 321
536 953 1020 912
606 672 1091 113
819 700 1025 578
688 1020 801 943
183 777 620 423
300 1064 480 960
280 890 432 416
378 1080 984 322
942 615 1094 550
381 1080 1020 952
369 675 1161 310
213 769 570 762
648 587 752 96
100 1084 250 348
64 1140 285 349
240 1160 260 1100
384 1178 1040 1072
624 672 1020 656
0 534 714 460
714 1000 756 362
134 1056 274 880
3 240 79 168
300 1128 520 419
648 1066 800 868
468 417 1104 150
28 939 600 185
208 216 1160 0
976 1056 1040 864
588 615 1101 333
175 428 403 252
350 1168 729 144
336 616 632 40
621 660 825 184
682 420 751 182
259 351 891 55
878 951 984 592
792 228 1080 0
886 509 1120 36
82 594 675 336
168 802 248 52
20 1168 1173 780
656 1028 1011 495
132 1180 1182 833
850 1191 991 686
431 1030 899 546
393 1156 936 48
528 560 786 384
918 1090 1088 689
88 803 784 0
150 756 216 160
216 960 445 531
620 1008 894 704
623 282 810 210
816 923 1119 436
60 1104 1104 1008
240 951 545 201
717 500 1072 411
586 210 1133 16
75 1164 419 168
624 270 1050 216
284 935 728 456
150 916 882 256
211 332 1080 75
690 1104 810 563
0 969 135 676
264 1038 550 432
768 480 859 40
700 840 1064 204
533 546 770 360
824 658 922 12
309 927 336 896
240 690 606 292
168 660 430 602
97 1089 170 336
500 700 1169 132
592 848 1176 246
600 420 1122 362
612 1015 633 510
181 621 1170 475
210 834 1180 180
400 64 492 38
225 528 674 456
300 980 1116 816
327 462 916 240
1106 664 1170 353
246 1170 397 602
123 317 496 184
168 980 390 270
20 990 930 630
480 897 1172 200
247 448 616 84
435 1188 993 30
758 1022 1089 612
110 785 837 707
176 840 760 498
420 470 666 220
87 147 1104 132
825 990 1107 861
246 1100 1075 437
636 1193 831 710
295 555 511 112
40 498 834 390
654 1160 1010 624
150 231 220 148
267 1080 1080 7
632 666 1158 115
360 600 480 491
326 342 508 100
1172 1064 1194 130
330 1130 552 389
14 1179 892 962
687 592 1116 102
953 1170 1092 710
360 768 390 384
196 780 836 0
93 464 660 24
100 720 1038 336
311 1165 1110 253
214 1146 540 673
960 384 994 95
112 869 1050 177
207 612 667 272
639 240 1014 48
244 1130 810 807
146 1008 492 820
396 1199 1185 1095
207 880 1150 612
200 857 912 258
120 750 376 360
0 1136 853 0
932 1120 947 576
168 702 728 252
874 990 887 0
170 1114 1185 770
810 216 1059 109
390 795 1041 204
435 504 903 105
224 372 315 256
297 1146 810 498
32 1120 1104 332
250 813 906 529
699 570 1139 44
690 924 942 432
339 290 1196 192
795 597 811 225
1010 624 1128 480
576 600 786 480
344 996 850 564
343 986 762 825
948 750 1026 724
908 725 1016 318
264 788 920 376
704 875 1126 405
80 705 462 392
800 1195 950 400
630 1140 960 483
16 982 280 556
0 480 300 356
600 101 657 60
10 698 468 671
836 771 872 258
326 150 968 110
34 138 493 72
538 1102 816 371
167 850 289 222
576 858 684 10
425 514 940 320
626 288 708 125
290 750 990 144
60 816 360 607
212 530 400 160
15 690 634 240
296 885 636 503
24 496 448 165
180 690 508 600
330 480 870 85
40 1040 240 828
341 800 507 618
96 841 631 569
180 953 1011 0
323 642 800 161
870 992 1020 656
160 250 540 113
31 882 448 460
25 896 1164 297
384 768 1028 234
659 1140 714 9
174 372 516 68
375 348 460 0
540 540 726 216
240 1049 530 265
14 1134 932 480
221 866 892 168
288 832 924 80
12 420 1128 368
276 1076 864 28
600 250 1020 108
180 850 951 745
600 786 1038 526
353 352 1050 117
390 60 620 43
563 600 640 264
60 624 345 251
60 741 140 690
353 817 1148 308
462 1169 624 1008
408 837 693 564
578 891 606 846
238 325 720 112
300 752 960 480
468 994 1152 440
966 540 1088 200
92 732 572 348
0 743 1188 348
303 1194 312 698
758 856 984 702
672 864 976 845
456 1143 1114 649
54 1024 384 768
254 741 615 196
524 127 764 26
186 814 1120 265
164 422 510 264
390 378 677 40
239 508 936 255
750 976 760 830
248 1075 1140 107
310 1046 1188 1020
166 1008 288 108
816 756 989 12
468 656 832 123
286 712 887 480
866 1108 986 1085
477 803 900 282
120 1180 448 852
896 320 915 210
172 920 674 864
194 1152 492 485
148 648 522 0
165 727 544 690
140 850 732 204
528 1126 1118 624
476 684 900 79
21 876 666 780
542 940 880 18
298 1150 1056 493
736 1105 892 1032
448 792 1026 480
240 465 800 276
0 484 420 180
14 623 130 528
604 465 1112 144
540 1028 1050 425
15 731 492 456
975 528 1163 240
1032 1042 1185 392
459 931 1060 720
288 952 960 480
1051 930 1120 10
714 681 1029 506
888 724 1124 576
240 716 1050 500
60 992 525 551
120 792 126 108
28 520 504 238
180 1160 333 825
174 1140 1078 444
346 567 1145 264
210 1056 987 264
348 1120 360 120
156 1080 735 356
453 768 1198 342
60 1149 461 490
12 992 480 480
24 956 369 260
590 769 975 725
352 1182 840 579
110 660 600 238
152 400 912 16
92 408 1004 390
264 860 830 132
523 777 535 642
552 496 650 285
577 336 1032 64
384 872 430 600
538 764 548 624
528 1075 876 695
112 480 747 160
606 1140 837 1080
84 1140 298 1110
528 965 980 272
534 165 552 160
870 822 1004 455
60 1064 100 456
545 476 1158 199
336 626 458 440
350 824 432 300
260 975 396 740
272 771 830 234
424 984 555 915
672 672 1110 552
0 1138 400 900
44 1118 912 633
124 1177 712 1170
263 840 1035 325
504 928 1080 160
748 444 952 60
336 396 792 373
576 1196 1050 484
6 660 332 84
460 500 1089 320
210 600 369 393
36 734 210 728
597 888 853 720
384 1040 576 896
404 1108 1110 505
89 632 829 444
777 1177 1155 952
528 888 680 751
216 1155 350 807
360 670 540 600
543 1152 1199 96
1108 858 1120 234
394 650 1059 65
233 1050 624 498
699 1140 896 336
658 588 756 278
370 1008 378 720
132 180 748 60
144 1191 162 576
128 637 444 74
144 420 736 180
552 950 1075 566
40 874 509 480
808 988 903 16
45 1158 192 516
810 472 900 4
1104 736 1168 392
60 1182 348 669
950 960 992 420
497 325 768 140
450 390 704 320
671 1122 1044 20
375 1023 973 796
1122 772 1140 294
352 641 780 190
114 520 668 387
300 1134 600 240
864 248 874 12
760 597 1160 265
400 1076 860 468
370 450 663 165
272 1170 1137 720
876 526 1058 480
166 912 692 558
465 89 678 45
486 952 690 780
0 750 587 725
513 1198 668 254
758 950 877 195
562 1176 790 720
682 1124 928 291
200 1107 254 378
888 744 1056 714
724 594 1104 345
267 1005 396 100
265 1086 954 972
240 300 562 264
456 420 720 270
210 1008 414 922
864 1118 960 912
747 1122 981 352
252 800 428 413
915 771 1080 181
66 768 322 252
672 366 745 334
170 662 285 480
44 708 78 352
774 280 810 105
48 746 790 227
640 1001 1025 117
399 670 1128 642
525 1050 1084 524
436 330 976 156
383 764 632 172
117 1184 1076 1068
144 1019 657 470
824 521 1176 256
60 690 1056 187
220 1088 819 300
216 752 600 220
134 332 224 303
282 1152 567 912
441 790 1130 336
10 860 985 760
402 1000 641 540
815 1020 968 567
837 270 935 267
123 882 885 96
525 1172 570 345
288 750 436 540
681 672 888 624
611 669 1104 586
300 940 1191 0
471 960 552 256
264 1102 936 530
357 981 528 0
510 555 1125 240
212 1000 243 64
576 779 640 337
452 456 982 144
212 951 1185 567
180 1081 1160 852
144 378 1170 144
674 522 1026 242
820 747 987 628
544 400 735 340
305 534 320 208
660 1044 672 768
894 1095 1075 540
360 120 408 104
120 478 1155 190
657 1026 1020 640
690 708 880 602
342 1196 1175 768
585 255 846 0
138 1049 685 600
943 690 1042 285
478 1108 1029 12
772 1035 864 688
0 759 456 471
412 748 420 483
286 1068 468 904
174 779 800 144
0 294 464 128
276 441 662 180
576 948 677 450
312 246 1024 240
847 480 907 348
393 1174 769 1152
584 924 910 461
552 1152 711 1134
36 1020 1026 12
